"PLOT TYPE: Single"
"DATE: 2025/08/21 @ 15:53:06"
"ANGLES: {'hf2': 55.57, 'qf2': 14.87, 'h1': 175.09, 'q1': 285.9, 'h12': 43.43, 'q12': 11.05, 'hin2': 192.95, 'qin2': 243.64, 'm3': 3.74, 'm2': 3.77, 'm1': 3.16, 'm0': 0, 'title': 'U'}"
"RAW_DATA: {'V': {'H': (0.00168570416, np.float64(2.0220817970796798e-05)), 'V': (0.0003317670258366667, np.float64(7.5181926197637864e-06)), 'A': (0.00061314557041, np.float64(8.573744725996341e-06)), 'D': (0.0015153386473, np.float64(5.703866159239483e-05)), 'R': (0.0017702624619666666, np.float64(8.232718280628802e-05)), 'L': (0.00041344435460333336, np.float64(5.315836430873645e-06))}}"
"NORM_DATA: {'V': {'H': [0.835553028878041, np.float64(0.010022853418058118)], 'V': [0.164446971121959, np.float64(0.003726542749430105)], 'A': [0.288066768505182, np.float64(0.0040280988013247695)], 'D': [0.7119332314948179, np.float64(0.02679778460079998)], 'R': [0.8106685606940861, np.float64(0.03770065751573798)], 'L': [0.18933143930591387, np.float64(0.0024343178262470947)]}}"
